713.08	-41.07
713.14	-33.85
713.21	217.35
713.28	57.58
713.34	63.72
713.41	-21.56
713.48	54.31
713.54	-18.35
713.61	78.28
713.68	35.16
713.74	0.99
713.81	-37.21
713.88	22.05
713.94	7.48
714.01	-27.24
714.08	39.47
714.14	41.93
714.21	41.24
714.28	90.42
714.34	-0.12
714.41	-14.64
714.47	8.64
714.54	47.09
714.61	-47.88
714.67	37.51
714.74	40.08
714.81	113.8
714.87	66.54
714.94	8.68
715.01	-9.18
715.07	89.51
715.14	-10.52
715.21	106.57
715.27	4.58
715.34	19.52
715.41	74.48
715.47	23.28
715.54	27.09
715.6	14.3
715.67	-29.63
715.74	213.02
715.8	45.72
715.87	150.65
715.94	138.25
716	-46.88
716.07	17.03
716.13	32.76
716.2	1.76
716.27	78.75
716.33	-62.84
716.4	18.27
716.47	44.03
716.53	-18.86
716.6	45.27
716.67	-0.06
716.73	27.82
716.8	75.85
716.86	50.18
716.93	0.29
717	31.04
717.06	18.85
717.13	-19.04
717.2	167.22
717.26	47.93
717.33	-9.37
717.39	19.64
717.46	88.09
717.53	-11.07
717.59	81.96
717.66	-97.37
717.72	27.67
717.79	-1.63
717.86	36.96
717.92	-66.25
717.99	87.65
718.06	-9.11
718.12	16.58
718.19	19.45
718.25	104.75
718.32	-65.27
718.39	47.12
718.45	93.5
718.52	77.96
718.58	-23.12
718.65	87.91
718.72	37.95
718.78	29.74
718.85	-40.87
718.92	10.51
718.98	-32.17
719.05	142.91
719.11	42.73
719.18	85.05
719.25	-4.1
719.31	50.5
719.38	84.75
719.44	192.87
719.51	29.58
719.58	-28.76
719.64	-37.49
719.71	-30.49
719.77	46.62
719.84	164.56
719.91	-16.3
719.97	-30.76
720.04	-45.71
720.1	15
720.17	-5
720.24	5.41
720.3	-91.65
720.37	-23.51
720.43	-14.66
720.5	29.79
720.56	-63.21
720.63	66.07
720.7	61.2
720.76	76.78
720.83	20.71
720.89	75.98
720.96	172.29
721.03	45.62
721.09	-35.85
721.16	37.44
721.22	-22.83
721.29	30.78
721.36	13.38
721.42	-30.35
721.49	4.88
721.55	90.63
721.62	-47.47
721.68	13.49
721.75	12.42
721.82	-28.8
721.88	0.42
721.95	63.83
722.01	31.79
722.08	13.68
722.14	-92.62
722.21	-22.54
722.28	-73.59
722.34	72.01
722.41	-108.54
722.47	13.78
722.54	117.52
722.61	42.96
722.67	14.4
722.74	386.94
722.8	-67.35
722.87	-31.19
722.93	-44.05
723	55.92
723.07	-2.69
723.13	83.22
723.2	80.88
723.26	91.34
723.33	-55.42
723.39	-14.74
723.46	-26.28
723.52	19.37
723.59	-65.04
723.66	-10.62
723.72	-134.9
723.79	55.8
723.85	-92.81
723.92	63.28
723.98	24.14
724.05	273.81
724.12	280.95
724.18	230.91
724.25	25.86
724.31	-53
724.38	127.56
724.44	30.88
724.51	-49.83
724.57	-12.18
724.64	-26.49
724.71	51.58
724.77	-39.65
724.84	-49.83
724.9	-71.31
724.97	-29.26
725.03	-65.03
725.1	-63.77
725.16	48.06
725.23	101.31
725.29	-17.58
725.36	22.45
725.43	107.97
725.49	15.89
725.56	41.06
725.62	29.8
725.69	98.16
725.75	134.12
725.82	46.98
725.88	60.87
725.95	-7.16
726.01	48.67
726.08	-9.94
726.15	-17.66
726.21	-33.78
726.28	-24.63
726.34	68.58
726.41	-22.12
726.47	-11.13
726.54	64.73
726.6	-43.83
726.67	115.97
726.73	-5.9
726.8	28.42
726.86	-56.99
726.93	27.74
726.99	35.66
727.06	26.24
727.13	166.7
727.19	174.95
727.26	185.57
727.32	132.58
727.39	-130.93
727.45	27.24
727.52	-69.9
727.58	-45.91
727.65	-62.88
727.71	100.74
727.78	0.27
727.84	-2.53
727.91	-67.27
727.97	-44.88
728.04	-12.62
728.1	0.49
728.17	-14.28
728.23	-66.76
728.3	27.77
728.36	70.17
728.43	-42.21
728.49	38.12
728.56	60.53
728.63	521.68
728.69	-43.42
728.76	65.03
728.82	-63.15
728.89	77.38
728.95	-55.75
729.02	-0.67
729.08	-65.39
729.15	-21.55
729.21	-108.95
729.28	51.6
729.34	-34.6
729.41	87.36
729.47	56.2
729.54	88.65
729.6	77.71
729.67	58.67
729.73	-84.27
729.8	113.32
729.86	-53.3
729.93	-9.26
729.99	-16.69
730.06	-8.52
730.12	22.73
730.19	-70.61
730.25	47.56
730.32	145.39
730.38	-41.11
730.45	44.51
730.51	-55.34
730.58	18.79
730.64	-1.13
730.71	-88.96
730.77	68.06
730.84	31.04
730.9	-57.29
730.97	-14.74
731.03	-11.38
731.1	44.6
731.16	-5.37
731.23	-30.86
731.29	-43.52
731.36	-0.7
731.42	47.22
731.49	-45.99
731.55	-8.4
731.62	-93.39
731.68	26.83
731.75	-63.43
731.81	-14.91
731.87	26
731.94	-20.6
732	-65.09
732.07	32.87
732.13	-34.75
732.2	-78.36
732.26	-23.74
732.33	-9.4
732.39	22.21
732.46	21.75
732.52	24.48
732.59	-129.22
732.65	-11.97
732.72	-15.99
732.78	51.72
732.85	9.31
732.91	32.64
732.98	0.71
733.04	-74.38
733.11	-42.41
733.17	47.32
733.24	-18.93
733.3	6.4
733.36	-139.74
733.43	108.43
733.49	-57.98
733.56	70.34
733.62	-177.7
733.69	-31.32
733.75	-62.74
733.82	-43.82
733.88	-60.98
733.95	70.15
734.01	21.6
734.08	-29.99
734.14	-47.6
734.21	133.49
734.27	-113.77
734.33	6.06
734.4	-159.02
734.46	24.06
734.53	5.04
734.59	-121.6
734.66	-59.2
734.72	-59.28
734.79	-82.45
734.85	8.77
734.92	-77.11
734.98	-3.21
735.04	-119.38
735.11	80.35
735.17	-97.89
735.24	2.59
735.3	-51.63
735.37	81.88
735.43	-41.83
735.5	31.08
735.56	-116.08
735.63	-49.38
735.69	-12.59
735.75	-63.35
735.82	-91.66
735.88	-14.76
735.95	-46.53
736.01	127.93
736.08	-58.85
736.14	0.71
736.2	-144
736.27	-145.5
736.33	-117.96
736.4	0.39
736.46	-110.86
736.53	14.49
736.59	-69.05
736.66	-0.92
736.72	-48.09
736.78	-8.6
736.85	-94.95
736.91	98.34
736.98	87.73
737.04	47.02
737.11	38.52
737.17	217.62
737.23	583.39
737.3	443.56
737.36	107.93
737.43	-16.22
737.49	-83.22
737.56	78.39
737.62	3.5
737.68	-25.98
737.75	-4.42
737.81	31.16
737.88	-81.03
737.94	-40.52
738.01	15.77
738.07	-0.35
738.13	29.93
738.2	-31.82
738.26	71.64
738.33	-58.68
738.39	-73.48
738.46	50.78
738.52	-88.95
738.58	-42.84
738.65	-124.88
738.71	-43.27
738.78	1.36
738.84	-90.28
738.9	-58.13
738.97	38.79
739.03	-103.71
739.1	86.25
739.16	-67.42
739.23	-3.25
739.29	-104.96
739.35	-57.51
739.42	-18.2
739.48	-10.47
739.55	-118.76
739.61	26.04
739.67	-94.74
739.74	-152.28
739.8	-120.93
739.87	-10.79
739.93	-25.1
739.99	-5.45
740.06	-136.09
740.12	-123.03
740.19	-108.19
740.25	44.71
740.31	-39.15
740.38	-32.64
740.44	-60.08
740.51	-2.29
740.57	-65.78
740.63	-34.67
740.7	-20.14
740.76	-24.38
740.83	-34.94
740.89	-36.14
740.95	-17.8
741.02	-10.41
741.08	-35.04
741.15	-49.51
741.21	39.32
741.27	-104.1
741.34	-13.21
741.4	-30.29
741.47	106.37
741.53	72.5
741.59	-12.99
741.66	196.11
741.72	-86.01
741.79	26.86
741.85	2.06
741.91	-29.73
741.98	-35.77
742.04	-43.86
742.1	-100.58
742.17	-6.05
742.23	-1.16
742.3	-9.73
742.36	32.03
742.42	-49.96
742.49	28.71
742.55	34.88
742.61	41.42
742.68	-106.27
742.74	35.43
742.81	-15.32
742.87	-48.92
742.93	-6.18
743	-31.29
743.06	15.87
743.13	156.88
743.19	-44.5
743.25	-55.38
743.32	-76.07
743.38	-22.14
743.44	33.45
743.51	-3.08
743.57	0.59
743.63	-111.79
743.7	-57.64
743.76	-66.19
743.83	24.37
743.89	-75.35
743.95	-11.6
744.02	46.67
744.08	-63.71
744.14	-116.7
744.21	36.35
744.27	22.06
744.33	143.06
744.4	-70.4
744.46	-19.9
744.53	-123.71
744.59	-73.02
744.65	-117.22
744.72	-69.26
744.78	2.85
744.84	-105.62
744.91	-42.78
744.97	-77.94
745.03	-26.35
745.1	6.81
745.16	-129.47
745.22	-49.25
745.29	-115.12
745.35	-158.18
745.42	-53.59
745.48	-115.27
745.54	2.37
745.61	-57.41
745.67	-27.8
745.73	-32.33
745.8	47.36
745.86	-118.01
745.92	-75.48
745.99	-54.41
746.05	-45.71
746.11	-6.48
746.18	11.48
746.24	4.43
746.3	-4.45
746.37	28.12
746.43	-56.02
746.49	277
746.56	106.76
746.62	181.47
746.68	126.7
746.75	33.08
746.81	94.03
746.87	-38.4
746.94	-126.8
747	-9.67
747.06	53.86
747.13	-78.47
747.19	-124.62
747.25	47.28
747.32	-1.52
747.38	2.58
747.44	-35.57
747.51	57.21
747.57	-93.7
747.63	-48.09
747.7	-127.08
747.76	40.43
747.82	-91.38
747.89	-88.82
747.95	-31.85
748.01	-10.66
748.08	54.33
748.14	-80.39
748.2	-6.21
748.27	80.65
748.33	-17.43
748.39	11.29
748.46	-103.41
748.52	-68.96
748.58	5.54
748.65	-98.51
748.71	-45.78
748.77	33.73
748.83	-24.72
748.9	-70.9
748.96	-112.39
749.02	29.57
749.09	-44.06
749.15	26.06
749.21	29.38
749.28	413.21
749.34	1230.89
749.4	2405.67
749.47	1131.48
749.53	138.77
749.59	-11.4
749.66	40.75
749.72	-82.07
749.78	86.65
749.84	-95.79
749.91	-68.12
749.97	-52.78
750.03	-8.39
750.1	-58.11
750.16	-34.66
750.22	-121.58
750.29	85.67
750.35	109.59
750.41	282.16
750.47	691.97
750.54	537.34
750.6	252.76
750.66	-32.3
750.73	17.44
750.79	-18.36
750.85	-52.16
750.92	49.97
750.98	-95.74
751.04	30.14
751.1	-32.23
751.17	-3.02
751.23	-81.69
751.29	44.92
751.36	-77.64
751.42	-104.63
751.48	-43.62
751.54	83.17
751.61	-115.8
751.67	-52.13
751.73	-97.78
751.8	-38.63
751.86	32.27
751.92	-1.24
751.98	-5.85
752.05	-52.58
752.11	-18.53
752.17	29.85
752.24	-21.93
752.3	93.78
752.36	-16.31
752.42	-30.57
752.49	-100.17
752.55	-40.45
752.61	-25.58
752.68	17.72
752.74	-24.83
752.8	-50.15
752.86	-109.13
752.93	-65.6
752.99	-99.4
753.05	-95.98
753.11	-18.12
753.18	30.94
753.24	-25.61
753.3	13.25
753.37	-54.87
753.43	-57.12
753.49	-15.14
753.55	66.45
753.62	102.14
753.68	-56.44
753.74	-85.71
753.8	-32.35
753.87	-75.48
753.93	-27.65
753.99	-78.94
754.05	-72.22
754.12	42.11
754.18	-59.64
754.24	-89.44
754.3	-91.48
754.37	-11.48
754.43	15.08
754.49	-48.91
754.55	-92.37
754.62	2.64
754.68	-9.32
754.74	-98.9
754.81	-48.74
754.87	-127.48
754.93	-134.65
754.99	6.11
755.06	-4.19
755.12	-29.43
755.18	-82.46
755.24	-73.77
755.31	-24.11
755.37	-54.6
755.43	24.03
755.49	-93.37
755.56	-59.65
755.62	-141.11
755.68	2.96
755.74	35.73
755.8	-92.35
755.87	89.06
755.93	-81.66
755.99	-12.31
756.05	28.46
756.12	-77.22
756.18	-27.37
756.24	-90.63
756.3	-46.28
756.37	-65.42
756.43	-127.42
756.49	47.91
756.55	84.48
756.62	-80.47
756.68	-5.11
756.74	0.51
756.8	-80.99
756.87	-104.89
756.93	-66.52
756.99	-43.13
757.05	-17.52
757.11	-45.01
757.18	-29.21
757.24	-61.43
757.3	6.82
757.36	-56.13
757.43	-8.99
757.49	-27.79
757.55	149.21
757.61	96
757.68	117.75
757.74	268.9
757.8	880.56
757.86	2056.68
757.92	1280.71
757.99	155.18
758.05	80.19
758.11	-19.3
758.17	-46.67
758.23	-14.85
758.3	-42.46
758.36	-30.49
758.42	-69.36
758.48	-7.5
758.55	19.87
758.61	-87.96
758.67	-18.94
758.73	-74.45
758.79	-59.39
758.86	471.2
758.92	64.43
758.98	4.08
759.04	206.01
759.1	349.36
759.17	800.67
759.23	1800.8
759.29	4491.32
759.35	3142.19
759.42	413.3
759.48	88.2
759.54	108.28
759.6	90.15
759.66	-52.07
759.73	-47.13
759.79	72.68
759.85	-17.59
759.91	98.65
759.97	-148.35
760.04	13.37
760.1	7.53
760.16	-60.4
760.22	-32.35
760.28	-107.45
760.35	-40.92
760.41	-105.98
760.47	56.16
760.53	-91.84
760.59	-124.52
760.65	3.99
760.72	-180.19
760.78	-43.07
760.84	-92.21
760.9	-29.34
760.96	-38.14
761.03	2.26
761.09	-52.76
761.15	-105.7
761.21	-80.09
761.27	-28.95
761.34	40.52
761.4	-76.71
761.46	-96.79
761.52	-31.16
761.58	-49.75
761.64	-20.63
761.71	38.23
761.77	-29.32
761.83	-67.42
761.89	2.47
761.95	9.31
762.02	-78.38
762.08	-106.14
762.14	-46.04
762.2	-66.59
762.26	-74.92
762.32	-48.52
762.39	-17.78
762.45	56.97
762.51	73.19
762.57	483.28
762.63	1185.82
762.69	2601.71
762.76	1713.89
762.82	323.93
762.88	0.07
762.94	-2.71
763	86.99
763.06	-34.04
763.13	-4.4
763.19	-33.5
763.25	-17.51
763.31	41.52
763.37	70.39
763.43	230.8
763.5	153.48
763.56	35.42
763.62	45.59
763.68	21.85
763.74	-65.72
763.8	-33.28
763.87	-32.56
763.93	8.11
763.99	95.38
764.05	34.13
764.11	-2.56
764.17	-7.58
764.24	-43.03
764.3	-45.31
764.36	-51.99
764.42	-62.1
764.48	-68.56
764.54	20.72
764.6	-73.12
764.67	-36.35
764.73	-28.06
764.79	-51.28
764.85	-42.41
764.91	-95.24
764.97	-106.18
765.03	106.98
765.1	-25.23
765.16	-185.34
765.22	14.52
765.28	-122.76
765.34	8.99
765.4	-66.56
765.46	4
765.53	-22.55
765.59	13.21
765.65	-0.86
765.71	122.74
765.77	-52.22
765.83	-34.98
765.89	14.02
765.96	31.21
766.02	19.04
766.08	-83.31
766.14	-152.15
766.2	-60.75
766.26	-86.13
766.32	-3.59
766.39	-25.76
766.45	-81.7
766.51	-25.63
766.57	-30.93
766.63	-151.72
766.69	13.18
766.75	-65.03
766.81	-83.99
766.88	-112.39
766.94	-89.2
767	-104.53
767.06	-77.1
767.12	-19.52
767.18	-54.65
767.24	-108.63
767.3	-67.84
767.37	-55.95
767.43	24.16
767.49	-127.45
767.55	-65.42
767.61	16.63
767.67	239.33
767.73	499.82
767.79	798.84
767.85	369.23
767.92	6.8
767.98	-161.93
768.04	-74.94
768.1	-57.53
768.16	-44.2
768.22	-87
768.28	-8.88
768.34	-92.25
768.4	-71.56
768.47	-88.95
768.53	-11.79
768.59	-1.54
768.65	97.87
768.71	160.61
768.77	187.42
768.83	-50.5
768.89	17.12
768.95	-79.48
769.02	-30.49
769.08	-170.83
769.14	46.04
769.2	6.47
769.26	-125.77
769.32	-88.96
769.38	92.66
769.44	-74.88
769.5	-38.52
769.56	-21.81
769.63	17.2
769.69	-47.62
769.75	-80.65
769.81	27.7
769.87	-39.37
769.93	-74.47
769.99	-19.09
770.05	-17.21
770.11	-76.55
770.17	-205.6
770.23	-41
770.3	-155.77
770.36	-58.52
770.42	-132.34
770.48	10.65
770.54	3.31
770.6	-111.33
770.66	15.05
770.72	-106.76
770.78	-36.72
770.84	41.05
770.9	6.64
770.96	-55.75
771.03	-152.09
771.09	28.41
771.15	-72.25
771.21	-57.54
771.27	-131.07
771.33	-6.36
771.39	-14.65
771.45	-72.61
771.51	-72.98
771.57	63.84
771.63	116.35
771.69	434.45
771.75	452.99
771.82	40.69
771.88	-57.56
771.94	-33.52
772	-100.87
772.06	-134.46
772.12	-19.28
772.18	-51.73
772.24	-57.41
772.3	-99.76
772.36	-27.17
772.42	-6.88
772.48	0.35
772.54	-41.28
772.6	-35.97
772.66	-51.88
772.73	9
772.79	11.99
772.85	-21.49
772.91	-44.64
772.97	-65.73
773.03	-28.56
773.09	161.54
773.15	-105.17
773.21	-82
773.27	-69.62
773.33	-57.55
773.39	-44.89
773.45	-94.77
773.51	72.43
773.57	-32.54
773.63	-39.09
773.69	-98.85
773.75	-0.8
773.82	-122.66
773.88	-22.9
773.94	-50.4
774	66.44
774.06	-26.75
774.12	50.57
774.18	-18.88
774.24	-55.65
774.3	-67.49
774.36	-63.44
774.42	-103.63
774.48	-48.51
774.54	-109.15
774.6	-20.07
774.66	52.59
774.72	53.22
774.78	-114.32
774.84	-67.31
774.9	-9.3
774.96	11.55
775.02	-71.49
775.08	52.51
775.14	-64
775.2	-86.2
775.27	-16.31
775.33	-33.01
775.39	17.68
775.45	56
775.51	86.45
775.57	47.07
775.63	-7.05
775.69	49.65
775.75	8.25
775.81	164.85
775.87	64.54
775.93	120.75
775.99	44.09
776.05	134.84
776.11	73.72
776.17	412.51
776.23	409.49
776.29	891.14
776.35	2033.21
776.41	5077.66
776.47	11247.72
776.53	30137.721
776.59	45906.512
776.65	21601.32
776.71	12861.29
776.77	29178.08
776.83	33723.828
776.89	22340.939
776.95	18750.4
777.01	5620.39
777.07	1152.97
777.13	627.21
777.19	443.94
777.25	348.45
777.31	299.63
777.37	233.99
777.43	201.32
777.49	83.03
777.55	133.7
777.61	182.29
777.67	24.33
777.73	109.96
777.79	167.49
777.85	118.52
777.91	164.32
777.97	38.33
778.03	-11.88
778.09	36.3
778.15	1.92
778.21	82.24
778.27	-9.57
778.33	92.69
778.39	100.8
778.45	-14.2
778.51	-67.72
778.57	-45.31
778.63	-46.07
778.69	-35.94
778.75	-25.96
778.81	-32.25
778.87	-6.7
778.93	-60.78
778.99	-22.77
779.05	-27.51
779.11	-58.01
779.17	-110.1
779.23	-73.01
779.29	20.33
779.35	-57.67
779.41	-99.97
779.47	-54
779.53	-81.85
779.59	15.72
779.65	-44.86
779.71	-4.31
779.77	-29.08
779.83	-114.74
779.89	-9.78
779.95	413.62
780.01	58.41
780.07	-62.64
780.13	-66.77
780.19	-8.71
780.25	-68.81
780.31	-58.51
780.37	-43.22
780.43	-13.28
780.49	-8.62
780.55	-6.61
780.61	11.79
780.67	-85.94
780.73	-25.07
780.79	-137.98
780.85	-108.63
780.91	-133.54
780.97	59.55
781.03	-89.49
781.09	-32.87
781.15	-139.73
781.2	-113.54
781.26	-3.01
781.32	-72.72
781.38	-126.91
781.44	5.56
781.5	-21.13
781.56	-73.98
781.62	-72.19
781.68	-9.4
781.74	-35.08
781.8	7.18
781.86	-96.3
781.92	-14.86
781.98	-99.71
782.04	-107.01
782.1	-192.26
782.16	2.84
782.22	-47.22
782.28	-85.5
782.34	-99.45
782.4	-46.38
782.46	-136.67
782.52	-77.66
782.58	-204.21
782.63	-25
782.69	-174.08
782.75	9.24
782.81	-128.5
782.87	-67.88
782.93	-69.34
782.99	9.08
783.05	-153.17
783.11	-148.82
783.17	-31.85
783.23	-126.21
783.29	-90.3
783.35	-9.28
783.41	-108.39
783.47	-3.1
783.53	-106.72
783.59	-68.17
783.65	-83
783.7	-143.87
783.76	-141.94
783.82	-71.62
783.88	-51.08
783.94	-42.62
784	-154.09
784.06	-75.92
784.12	-50.67
784.18	-17.07
784.24	-108.97
784.3	51.95
784.36	-79.62
784.42	8.45
784.48	34.44
784.54	-65.71
784.59	-156.43
784.65	-63.64
784.71	-134.01
784.77	-43.89
784.83	-41.13
784.89	68.01
784.95	337.47
785.01	404.7
785.07	70.58
785.13	-49.41
785.19	-149.5
785.25	-30.11
785.31	-19.26
785.36	-59.61
785.42	42
785.48	-102.73
785.54	-30.18
785.6	-42.95
785.66	57.3
785.72	19.13
785.78	-72.58
785.84	-131.66
785.9	-125.17
785.96	-47.95
786.02	3.71
786.07	-75.77
786.13	-124.28
786.19	-7.29
786.25	-19.33
786.31	-84.52
786.37	-94.02
786.43	-74.61
786.49	-139.65
786.55	-38.08
786.61	-140.68
786.66	-43.76
786.72	-113.76
786.78	-193.14
786.84	-67.58
786.9	-88.56
786.96	79.72
787.02	-78.9
787.08	-101.3
787.14	-75.67
787.2	-90.47
787.25	-52.4
787.31	-139
787.37	-46.51
787.43	-86.58
787.49	0.91
787.55	-116.57
787.61	9.59
787.67	-132.42
787.73	-13.45
787.79	-68.02
787.84	-49.97
787.9	-140.06
787.96	-154.88
788.02	-126.79
788.08	21.71
788.14	-1.61
788.2	5.65
788.26	197.51
788.32	289.99
788.37	-6.85
788.43	-94.38
788.49	2.12
788.55	-101.25
788.61	-133.9
788.67	-44.59
788.73	-137.99
788.79	-95.8
788.84	-87.95
788.9	-14.06
788.96	9.1
789.02	2.95
789.08	-43.64
789.14	-54.74
789.2	-148.76
789.26	7.53
789.31	-90.75
789.37	-102.98
789.43	-83.12
789.49	-51.99
789.55	-99.49
789.61	-60.11
789.67	-189.75
789.73	-80.12
789.78	-103.74
789.84	-81.57
789.9	-132.41
789.96	-52.84
790.02	-66.79
790.08	-77.17
790.14	-67.95
790.19	31.94
790.25	-163.65
790.31	-80.57
790.37	-105.77
790.43	-132.35
790.49	-29.7
790.55	-87.4
790.6	-111.66
790.66	-47.43
790.72	-111.7
790.78	-8.31
790.84	-84.18
790.9	-42.72
790.96	-61.09
791.01	-142.22
791.07	-67.7
791.13	-14.39
791.19	-105.42
791.25	-80.17
791.31	-121.37
791.37	-48.15
791.42	-73.48
791.48	-10.08
791.54	-97.67
791.6	-74.37
791.66	-44.12
791.72	-111.55
791.77	-103.44
791.83	-90.5
791.89	-103.92
791.95	-176.58
792.01	47.21
792.07	-37.22
792.13	-142.66
792.18	-53.87
792.24	-103.99
792.3	-68.41
792.36	-112.05
792.42	-24.99
792.48	-122.59
792.53	-108.2
792.59	-117.91
792.65	-59.9
792.71	-157.9
792.77	52.36
792.83	-41.15
792.88	-92.36
792.94	-165.57
793	-111.45
793.06	-118.42
793.12	-121.91
793.18	-133.72
793.23	-115.69
793.29	-23.44
793.35	-82.49
793.41	-156.81
793.47	4.77
793.52	-47.38
793.58	-141.52
793.64	-34.07
793.7	-97.83
793.76	-68.13
793.82	-14.68
793.87	-108.09
793.93	-99.72
793.99	-145.23
794.05	-50.92
794.11	-27.2
794.16	-55.65
794.22	-82.5
794.28	-27.09
794.34	50.95
794.4	323.55
794.46	355.16
794.51	146.62
794.57	-94.68
794.63	-75.6
794.69	-132.93
794.75	-76.42
794.8	-137.88
794.86	-75.24
794.92	-126.83
794.98	-54.94
795.04	-176.98
795.09	-49.52
795.15	-107.93
795.21	-206.3
795.27	-191.58
795.33	-35.12
795.38	-181.31
795.44	77.73
795.5	-148.53
795.56	-112.9
795.62	-129.73
795.67	-134.96
795.73	-80.72
795.79	-67.64
795.85	-163.8
795.91	-107.85
795.96	-74.54
796.02	24.03
796.08	-91.87
796.14	-138.94
796.2	-49.86
796.25	-47.05
796.31	-114.79
796.37	-14.34
796.43	20.48
796.48	-29.99
796.54	-182.19
796.6	-29.44
796.66	-85.02
796.72	-85.28
796.77	-133.32
796.83	-57.86
796.89	-195.59
796.95	-118.9
797.01	-18.27
797.06	-176.88
797.12	-125.05
797.18	16.62
797.24	-146.13
797.29	-70.48
797.35	-150.13
797.41	-55.79
797.47	-183.62
797.53	-3.45
797.58	-105.68
797.64	14.69
797.7	-167.6
797.76	-126.35
797.81	-75.98
797.87	-141.41
797.93	-163.98
797.99	-107.06
798.04	-26.37
798.1	-56.75
798.16	-105.44
798.22	-75.33
798.28	-111.72
798.33	-45.76
798.39	-13.26
798.45	-121.96
798.51	-182.8
798.56	-78.56
798.62	-145.3
798.68	-147.87
798.74	-41.23
798.79	-103.85
798.85	-108.76
798.91	-13.58
798.97	-144.56
799.02	-150.46
799.08	-139.3
799.14	41.46
799.2	-168.6
799.25	-140.55
799.31	-101.09
799.37	-17.66
799.43	-125.97
799.48	-6.93
799.54	-79.5
799.6	-198.75
799.66	-117.12
799.71	-41.03
799.77	-111.23
799.83	-117.35
799.89	-152.05
799.94	-79.96
800	-80.12
800.06	-71.14
800.12	-9.58
800.17	29.42
800.23	30.12
800.29	97.49
800.35	170.43
800.4	101.77
800.46	-161.43
800.52	-124.38
800.58	-185.38
800.63	-60.23
800.69	-151.37
800.75	-80.45
800.81	-85.59
800.86	-83.55
800.92	-177.58
800.98	-13.78
801.03	-116.01
801.09	-33.44
801.15	143.75
801.21	332.5
801.26	126.7
801.32	-56.84
801.38	-41.31
801.44	-23.87
801.49	-89.99
801.55	-80.22
801.61	-114.28
801.66	-71.46
801.72	-159.81
801.78	-114.1
801.84	-49.38
801.89	-80.63
801.95	-62.48
802.01	-79.4
802.07	-229.19
802.12	-60.75
802.18	-131.16
802.24	-24.34
802.29	-173.05
802.35	-84.49
802.41	-203.42
802.47	-90.86
802.52	-141.91
802.58	18.02
802.64	-58.38
802.69	-104.7
802.75	-170.26
802.81	-70.32
802.87	-104.7
802.92	-85.8
802.98	-161.62
803.04	-95.25
803.09	-127.67
803.15	-62.67
803.21	-167.71
803.26	-101.93
803.32	-150.95
803.38	-85.56
803.44	-79.69
803.49	-157.4
803.55	-145.87
803.61	-118.52
803.66	-119.51
803.72	-162.3
803.78	-130.61
803.83	-100.45
803.89	-148.29
803.95	-52.26
804.01	-70.79
804.06	-181.25
804.12	-169.97
804.18	-120.83
804.23	-199.01
804.29	-92.92
804.35	-170.92
804.4	-155.56
804.46	-65.45
804.52	-67.91
804.57	-151.03
804.63	-80.24
804.69	-69.01
804.75	-142.6
804.8	-71.6
804.86	-94.16
804.92	-73.86
804.97	-111.5
805.03	-148.68
805.09	-54.35
805.14	-140.14
805.2	-141.96
805.26	-89.43
805.31	-113.79
805.37	-107.12
805.43	-77.25
805.48	-24.89
805.54	32.8
805.6	-16.6
805.65	24.92
805.71	221.12
805.77	212.06
805.82	-53.4
805.88	-72.2
805.94	-137.17
805.99	-82.5
806.05	-176.21
806.11	-62.56
806.16	-174.53
806.22	21.39
806.28	46.69
806.33	-112.58
806.39	-127.03
806.45	-143.49
806.5	-72.09
806.56	-151.56
806.62	-48.17
806.67	-130.43
806.73	-100.35
806.79	-106.75
806.84	-201.4
806.9	-54.48
806.96	-89.05
807.01	-80.75
807.07	-137.43
807.13	-31.41
807.18	-127.5
807.24	-143.23
807.3	-28.62
807.35	-126.88
807.41	-107.86
807.47	-84.37
807.52	-223.72
807.58	33.22
807.64	-26.05
807.69	-119.11
807.75	-146.3
807.81	-72.66
807.86	-111.41
807.92	-78.25
807.97	-114.64
808.03	-164.09
808.09	-103.98
808.14	-120.42
808.2	-130.73
808.26	-34.7
808.31	-111.34
808.37	-92.05
808.43	-190.7
808.48	-110.65
808.54	-41.62
808.6	-147.49
808.65	-138.16
808.71	36.6
808.76	-163.07
808.82	-68.79
808.88	-154.15
808.93	-152.26
808.99	-155.85
809.05	-122.02
809.1	-56.71
809.16	-122.98
809.22	-21.71
809.27	-110.35
809.33	-134.54
809.38	-5.77
809.44	-119.67
809.5	-46.51
809.55	-124.87
809.61	-148.95
809.67	-186.57
809.72	-146.32
809.78	-67.36
809.83	-77.56
809.89	-3.82
809.95	-67.35
810	-136.73
810.06	72.56
810.11	94.22
810.17	318.82
810.23	812.35
810.28	1010.58
810.34	483.74
810.4	49.56
810.45	-84.84
810.51	-1.69
810.56	-100.09
810.62	10.03
810.68	-64.03
810.73	-109.36
810.79	-9.55
810.84	-11.23
810.9	56.73
810.96	332.36
811.01	610.98
811.07	1543.02
811.13	3635.59
811.18	4762.6
811.24	1913.44
811.29	938.33
811.35	1737.48
811.41	3028.02
811.46	1821.16
811.52	245.53
811.57	-56.65
811.63	-47.08
811.69	54.97
811.74	-124.32
811.8	-62.56
811.85	10.7
811.91	-54.27
811.97	-60.64
812.02	-106.85
812.08	-150.87
812.13	-133.46
812.19	-139.36
812.24	-85.7
812.3	-124.9
812.36	-160.78
812.41	-43.93
812.47	-106.59
812.52	-93.03
812.58	-166.43
812.64	41.75
812.69	-45.42
812.75	-104.44
812.8	-187.58
812.86	-114.57
812.92	-96.13
812.97	-13.38
813.03	-166.81
813.08	-109
813.14	-72.8
813.19	-103.55
813.25	-173.44
813.31	-131.27
813.36	-120.05
813.42	-152.36
813.47	-183.4
813.53	-18.95
813.58	5.15
813.64	-33.9
813.7	-169.74
813.75	-70.72
813.81	-77.17
813.86	-106.57
813.92	-185.04
813.97	-99.18
814.03	-126.98
814.09	-60.56
814.14	-117.86
814.2	-160.67
814.25	-129.07
814.31	-117.02
814.36	-19.87
814.42	-148.69
814.48	-145.79
814.53	-74.46
814.59	-157.73
814.64	-95.17
814.7	-131.5
814.75	-73.37
814.81	-149
814.86	-79.79
814.92	-77.62
814.98	-78.42
815.03	-89.04
815.09	-100.34
815.14	-185.41
815.2	-149.76
815.25	-135.5
815.31	-105.83
815.36	-128.13
815.42	-43.68
815.48	-107.06
815.53	-43.77
815.59	-106.13
815.64	-106.71
815.7	-135.5
815.75	-123.18
815.81	-159.61
815.86	-61.31
815.92	27.95
815.97	-59.39
816.03	-94.94
816.09	-150.8
816.14	-165.02
816.2	-83.07
816.25	-64.04
816.31	-105.71
816.36	-184.5
816.42	-55.09
816.47	-173.25
816.53	-106.63
816.58	-95.8
816.64	-95.89
816.69	-52.44
816.75	-65.81
816.81	-105.82
816.86	-118.46
816.92	-153.8
816.97	-2.46
817.03	-113.01
817.08	-57.9
817.14	-29.18
817.19	-136.17
817.25	-118.36
817.3	-7.9
817.36	-108.22
817.41	-93.3
817.47	-200.53
817.52	-48.34
817.58	-123.84
817.63	-18.6
817.69	-74.97
817.74	-4.72
817.8	-44.86
817.85	-80.99
817.91	-154.56
817.97	-131.32
818.02	-86.46
818.08	-46.95
818.13	-100.04
818.19	-107.21
818.24	-158.64
818.3	-48.41
818.35	-109.27
818.41	-58.47
818.46	-79.21
818.52	-15.57
818.57	-141.48
818.63	-111.07
818.68	-96.34
818.74	-82.81
818.79	-46.01
818.85	76.74
818.9	165.34
818.96	237.59
819.01	339.59
819.07	81.15
819.12	-59.67
819.18	-95.57
819.23	-183.32
819.29	-58.42
819.34	-54.09
819.4	-125.08
819.45	-113.74
819.51	-16.2
819.56	-146.31
819.62	-11.8
819.67	-173.43
819.73	-57.91
819.78	-86.68
819.84	-129.23
819.89	-178.32
819.95	-122.96
820	-178.61
820.06	-92.61
820.11	-107.26
820.17	-186.17
820.22	6.42
820.28	-134.5
820.33	-41.25
820.39	-128.19
820.44	-207.9
820.5	-20.08
820.55	-94.51
820.61	-96.01
820.66	-1.77
820.71	-108.26
820.77	-87.38
820.82	-107.95
820.88	-8.22
820.93	-148.89
820.99	-109.15
821.04	-65.95
821.1	-138.18
821.15	-66.51
821.21	-60.63
821.26	-70.22
821.32	-69.27
821.37	-99.73
821.43	-136.3
821.48	-81.69
821.54	-45.27
821.59	-48.76
821.65	-59.11
821.7	-110.44
821.75	-138.03
821.81	-65.56
821.86	-102.34
821.92	-154.2
821.97	-214.88
822.03	-19.29
822.08	-145.53
822.14	-15.1
822.19	-46.45
822.25	32.62
822.3	-225.96
822.36	-127.43
822.41	-72.01
822.46	-95.81
822.52	-142.99
822.57	49.19
822.63	-120.69
822.68	-38.15
822.74	-86.89
822.79	-26.07
822.85	-152.43
822.9	-34.42
822.96	20.78
823.01	104.72
823.06	369.01
823.12	574.76
823.17	1575.15
823.23	2300.98
823.28	848.66
823.34	159.67
823.39	-143.23
823.45	-36.16
823.5	-49.67
823.55	-95.65
823.61	1.74
823.66	-78.9
823.72	-77.21
823.77	-92.13
823.83	-164.37
823.88	-101.65
823.94	-166.19
823.99	-142.01
824.04	-98.79
824.1	-70.3
824.15	-133.14
824.21	-118.22
824.26	-131.66
824.32	-24.53
824.37	-198.52
824.42	-120.28
824.48	-191.27
824.53	-133.95
824.59	-155.56
824.64	-75.53
824.7	-123.91
824.75	-132.39
824.8	-140.95
824.86	-115
824.91	-95.29
824.97	-75.54
825.02	-133.02
825.08	-69.69
825.13	-177.03
825.18	25.05
825.24	-64.61
825.29	-31.76
825.35	-81.54
825.4	-25.76
825.46	-109.27
825.51	-38.9
825.56	-89.81
825.62	-42.87
825.67	-107.95
825.73	-86.36
825.78	-76.53
825.83	-101.29
825.89	-147.81
825.94	-71.4
826	-73.85
826.05	-84.24
826.1	-154.27
826.16	-87.06
826.21	-102.69
826.27	72.97
826.32	65.76
826.38	321.22
826.43	500.51
826.48	375
826.54	115.36
826.59	41.46
826.65	-82.7
826.7	-52.05
826.75	-115.24
826.81	-44.47
826.86	-53.84
826.92	-116
826.97	-231.03
827.02	-118.05
827.08	-137.94
827.13	-10.56
827.18	-178.79
827.24	-118.04
827.29	-180.36
827.35	-93.88
827.4	-118.42
827.45	-33.49
827.51	-211.43
827.56	-85.32
827.62	-65.07
827.67	-135.81
827.72	-120.45
827.78	-79.42
827.83	-110.53
827.89	-35.24
827.94	-133.11
827.99	139.7
828.05	162.24
828.1	748.71
828.15	828.21
828.21	400.86
828.26	49.11
828.32	-103.62
828.37	-190.05
828.42	-33.47
828.48	-106.23
828.53	236.38
828.58	-112.99
828.64	-98.04
828.69	-149.9
828.75	-103.35
828.8	-137.13
828.85	-104.65
828.91	-81.96
828.96	-139.76
829.01	-105.35
829.07	-57.74
829.12	-131.52
829.18	-41.76
829.23	-72.79
829.28	-107.47
829.34	-222.28
829.39	-81.57
829.44	-75.29
829.5	-83.48
829.55	-168.58
829.6	2.49
829.66	-160.72
829.71	-111.4
829.77	-108.81
829.82	1.86
829.87	50.05
829.93	333.57
829.98	392.9
830.03	71.18
830.09	-34.28
830.14	-147.46
830.19	-19.79
830.25	-94.31
830.3	-96.05
830.35	-141.12
830.41	-174.64
830.46	-145.58
830.51	-135.67
830.57	-98.95
830.62	-139.93
830.68	-144.33
830.73	-58.06
830.78	-121.37
830.84	-142.47
830.89	-63.01
830.94	-80.77
831	-129.33
831.05	-152.62
831.1	-184.61
831.16	-87.01
831.21	-98.86
831.26	-133.88
831.32	-70.19
831.37	-96.96
831.42	-83.86
831.48	-123.64
831.53	-171.76
831.58	-133.62
831.64	-193.88
831.69	-192.06
831.74	-179.42
831.8	-137.24
831.85	-128.49
831.9	-156.88
831.96	-128.51
832.01	-186.83
832.06	-156.86
832.12	-239.59
832.17	-119.65
832.22	-26.76
832.28	-5.81
832.33	-176.83
832.38	-145.55
832.44	-96.1
832.49	-18.59
832.54	-144.93
832.59	-74.53
832.65	-113.02
832.7	-76.63
832.75	-92.17
832.81	-82.85
832.86	-61.45
832.91	-26.81
832.97	-77.95
833.02	-135
833.07	-179.59
833.13	-72.5
833.18	-190.93
833.23	-100.77
833.29	-218.03
833.34	-157.13
833.39	-78.07
833.44	-170.13
833.5	-64.21
833.55	-90.28
833.6	-208.36
833.66	-128.59
833.71	-193.83
833.76	-118.16
833.82	-56.38
833.87	-146.95
833.92	-111.19
833.98	-21.36
834.03	-159.43
834.08	-228.23
834.13	-129.13
834.19	-63.1
834.24	-153.33
834.29	-154.16
834.35	-114.02
834.4	-42.83
834.45	7.22
834.5	-105.13
834.56	-171.57
834.61	-75.87
834.66	-119.37
834.72	-121.36
834.77	-70.38
834.82	-32.13
834.88	141.24
834.93	193.91
834.98	-26.3
835.03	-33.81
835.09	-98.42
835.14	22.29
835.19	-173.59
835.24	-178.25
835.3	-97.34
835.35	-116.5
835.4	-76.27
835.46	-24.34
835.51	-190.01
835.56	-152.81
835.61	-54.47
835.67	-91.44
835.72	-29.71
835.77	-103.72
835.83	-194.03
835.88	-101.96
835.93	-121.34
835.98	-132.65
836.04	-89.91
836.09	-53.62
836.14	-135.72
836.19	-130.24
836.25	-102.58
836.3	-90.52
836.35	-66.47
836.41	-155.96
836.46	-139.84
836.51	-97.38
836.56	-106.31
836.62	-72.65
836.67	-162.7
836.72	-154.23
836.77	-143.4
836.83	-130.8
836.88	-183.17
836.93	-120.72
836.98	-38.32
837.04	-98.96
837.09	-120.17
837.14	-49.53
837.19	-128.2
837.25	-100.91
837.3	-185.58
837.35	-45.86
837.4	-232.51
837.46	-129.43
837.51	-91.24
837.56	-79.81
837.61	-120.53
837.67	-136.46
837.72	-101.62
837.77	-135.82
837.82	-107.65
837.88	-34.49
837.93	-102.38
837.98	-99.95
838.03	-83.71
838.09	-102.17
838.14	-226.41
838.19	-128.12
838.24	-42.46
838.3	-178.66
838.35	-42.19
838.4	-94.35
838.45	-151.98
838.51	-104.67
838.56	-214.87
838.61	-81.86
838.66	-167.25
838.71	-96.31
838.77	-162.49
838.82	-96.97
838.87	-121.84
838.92	-75.56
838.98	-148.54
839.03	-8.1
839.08	-147.51
839.13	-88.31
839.19	-215.35
839.24	-125.62
839.29	-156.95
839.34	-56.56
839.39	-158.72
839.45	-79.32
839.5	-133.14
839.55	-113.24
839.6	-154.67
839.66	-30.61
839.71	-141.27
839.76	-36.57
839.81	-87.81
839.86	-122.27
839.92	-121.28
839.97	-103.55
840.02	-72.94
840.07	-64.98
840.12	-95.26
840.18	-179.61
840.23	-82.66
840.28	-56.9
840.33	-110.52
840.39	-198.6
840.44	-203.49
840.49	-184.08
840.54	-183.85
840.59	-101.88
840.65	-41.83
840.7	-94.91
840.75	-174.02
840.8	-20.82
840.85	-107.46
840.91	-145.13
840.96	-72.75
841.01	-29.57
841.06	27.1
841.11	213.27
841.17	167.46
841.22	193.25
841.27	-101.3
841.32	-74.3
841.37	-184.39
841.43	-97.83
841.48	-179.16
841.53	26.09
841.58	-79.9
841.63	-117.29
841.68	-177.28
841.74	-147.78
841.79	-99.34
841.84	-128.25
841.89	-104.27
841.94	-104.26
842	-128.14
842.05	-125.12
842.1	-109.9
842.15	-53.86
842.2	-108.36
842.26	-101.13
842.31	-157.92
842.36	-119.3
842.41	-140.86
842.46	-106.09
842.51	27.69
842.57	-25.16
842.62	-85.57
842.67	-31.67
842.72	87.24
842.77	394.1
842.82	340.68
842.88	145.79
842.93	-82.98
842.98	-112.9
843.03	-116.86
843.08	-133.47
843.14	-83.38
843.19	-39.94
843.24	-51.85
843.29	-150.19
843.34	-164.39
843.39	-137.8
843.44	-90.39
843.5	-122.35
843.55	-171.98
843.6	-20.2
843.65	-90.3
843.7	-7.57
843.75	-80.25
843.81	-96.87
843.86	-148.89
843.91	-88.72
843.96	-142.76
844.01	-96.98
844.06	-91.17
844.12	-67.69
844.17	-57.5
844.22	-148.5
844.27	-106.29
844.32	-57.41
844.37	-136.19
844.42	-93.48
844.48	-78.3
844.53	-55.08
844.58	-24.87
844.63	76.79
844.68	148.51
844.73	245.66
844.78	461.34
844.84	1023.52
844.89	2133.72
844.94	4030.92
844.99	8665.69
845.04	11798.62
845.09	6938.04
845.14	1916.22
845.2	276.44
845.25	128.96
845.3	144.11
845.35	6.06
845.4	70.07
845.45	457.38
845.5	30.2
845.56	4.34
845.61	-104.64
845.66	9.8
845.71	-9.88
845.76	-20.38
845.81	-73.48
845.86	-89.18
845.91	-217.6
845.97	-160.9
846.02	-67.83
846.07	-123.97
846.12	-215.78
846.17	-52.21
846.22	-125.97
846.27	-7.56
846.32	-32.93
846.38	-91.29
846.43	-58.64
846.48	-151.45
846.53	-157.32
846.58	-107.4
846.63	-209.53
846.68	-90.72
846.73	-96.75
846.79	-39.35
846.84	-155.01
846.89	-85.59
846.94	-12.39
846.99	-65.57
847.04	-50.69
847.09	82.51
847.14	-138.1
847.19	-114.24
847.25	-165.41
847.3	-63.13
847.35	-84.09
847.4	-72.99
847.45	-117.99
847.5	-28.91
847.55	-179.27
847.6	-60.23
847.65	-108.28
847.7	-103.31
847.76	-161.51
847.81	-29.59
847.86	-166.64
847.91	-53.85
847.96	-123.06
848.01	-88.99
848.06	-169.93
848.11	-49.75
848.16	-81.03
848.21	-92.21
848.27	-67.04
848.32	-119.46
848.37	-169.97
848.42	-54.34
848.47	-24.96
848.52	-138.59
848.57	-157.75
848.62	-147.21
848.67	-107.83
848.72	-115.55
848.77	-179.8
848.83	-23.15
848.88	-151.91
848.93	33.36
848.98	-79.18
849.03	-34.09
849.08	-46.72
849.13	-145.5
849.18	-181.63
849.23	-97.9
849.28	-148.55
849.33	-11.71
849.38	-180.28
849.43	-105.64
849.49	-110.61
849.54	-64.91
849.59	-91.77
849.64	-127.57
849.69	-154.32
849.74	-4.86
849.79	-139.51
849.84	-154.37
849.89	-200.76
849.94	-88.63
849.99	-98.85
850.04	-61.17
850.09	-21.36
850.14	-165.71
850.2	-185.77
850.25	-93.69
850.3	-155.23
850.35	-23.69
850.4	-147.72
850.45	-133.15
850.5	-136.27
850.55	-54.62
850.6	-99.61
850.65	-176.58
850.7	-201.36
850.75	-126.63
850.8	-173.42
850.85	-116.2
850.9	-71.73
850.95	-26.84
851	-91.77
851.05	-128.33
851.11	-102.75
851.16	-112.12
851.21	-135.66
851.26	-47.97
851.31	-85.57
851.36	69.12
851.41	33.85
851.46	-87.75
851.51	-126.96
851.56	-101.87
851.61	-150.05
851.66	-72.15
851.71	-118.01
851.76	-160.74
851.81	-171.35
851.86	-69.57
851.91	-174.59
851.96	-36.05
852.01	-164.83
852.06	-49.69
852.11	-128.54
852.16	-56.43
852.21	-58.86
852.26	-80.22
852.32	-194.64
852.37	-52.83
852.42	-130.52
852.47	-91.59
852.52	-2.17
852.57	-135.43
852.62	84.25
852.67	-32.51
852.72	-127.21
852.77	-92
852.82	-51.97
852.87	-81.84
852.92	-207.27
852.97	-66.83
853.02	-44.52
853.07	-185.39
853.12	-163.31
853.17	-161.13
853.22	-206.5
853.27	-44.77
853.32	-85.56
853.37	-85.87
853.42	-115.52
853.47	-32.44
853.52	-194.11
853.57	-165.34
853.62	-212.83
853.67	-175.54
853.72	-76.25
853.77	-96.31
853.82	-217.35
853.87	-124.56
853.92	-60.87
853.97	-67.06
854.02	-58.16
854.07	-108.59
854.12	-140.11
854.17	-146.87
854.22	-123.65
854.27	-52.16
854.32	-98.1
854.37	-15.81
854.42	-111.38
854.47	-104.96
854.52	-162.18
854.57	-27.55
854.62	-130.33
854.67	-50.39
854.72	-187.82
854.77	-58.56
854.82	-151.96
854.87	-118.27
854.92	-196.66
854.97	-51.52
855.02	-149.93
855.07	-102.22
855.12	-187.59
855.17	-150.21
855.22	-219.72
855.27	-69.02
855.32	-146.33
855.37	-34.02
855.42	-193.42
855.47	-0.73
855.52	-106.65
855.57	-118.09
855.62	-142.6
855.67	-161.92
855.72	-203.6
855.77	-123.7
855.82	-153.64
855.87	-128.28
855.92	-200
855.97	-152.46
856.02	-171.77
856.07	-84.83
856.12	-151.15
856.17	-116.87
856.22	-110.7
856.27	-83.17
856.32	-95.67
856.37	-105.06
856.41	-218.53
856.46	-90.57
856.51	-130.29
856.56	-134.57
856.61	-139.82
856.66	-142.72
856.71	-118.68
856.76	-92.92
856.81	-60.48
856.86	-143.85
856.91	-121.47
856.96	-114.67
857.01	-91.91
857.06	-119.09
857.11	-191.28
857.16	-89.84
857.21	-182.08
857.26	-131.07
857.31	-169.38
857.36	-131.07
857.41	-120.23
857.46	-151.25
857.51	-138.19
857.56	-106.27
857.6	-134.56
857.65	-118.57
857.7	-200.72
857.75	-133.46
857.8	-168.34
857.85	-45.49
857.9	-246.45
857.95	-28.84
858	-163.84
858.05	-119.7
858.1	-82.19
858.15	-33.47
858.2	-131.62
858.25	-53.6
858.3	-122.96
858.35	-58.68
858.4	-179.99
858.45	-86.66
858.49	-130.81
858.54	-127.9
858.59	-204.93
858.64	-146.95
858.69	-210.18
858.74	-126.33
858.79	-104.5
858.84	-188.67
858.89	-209
858.94	-87.34
858.99	-141.8
859.04	-139.83
859.09	-23.06
859.14	-160.08
859.18	-86.4
859.23	-47.1
859.28	-134.97
859.33	-131.52
859.38	-180.44
859.43	-4.05
859.48	-168.68
859.53	-127.95
859.58	-123.16
859.63	-102.32
859.68	-121.2
859.73	-163.93
859.78	-117.81
859.82	-132.51
859.87	-96.1
859.92	-90.86
859.97	-84.94
860.02	-114.01
860.07	-87.72
860.12	-103.9
860.17	-110.57
860.22	33.87
860.27	-196.86
860.32	-39.27
860.36	-152.92
860.41	-104.79
860.46	-168.31
860.51	-127.89
860.56	5.19
860.61	-65.3
860.66	-115.68
860.71	-45.09
860.76	-143.2
860.81	-148.24
860.85	-132.54
860.9	-157.54
860.95	-53.06
861	-145.74
861.05	-189.92
861.1	-114.92
861.15	-238.93
861.2	-53.71
861.25	-128.77
861.3	46.78
861.34	-122.69
861.39	26.31
861.44	-164.7
861.49	-82.24
861.54	-101.55
861.59	-158.3
861.64	-80.09
861.69	-77.54
861.73	-118.8
861.78	-179.39
861.83	-96.01
861.88	-139.09
861.93	-198.64
861.98	-34.41
862.03	-110.49
862.08	-130.23
862.13	-174.19
862.17	-38.81
862.22	-185.88
862.27	-69.44
862.32	-71.7
862.37	-193.36
862.42	-174.87
862.47	-92.79
862.52	-141.35
862.56	-138.3
862.61	-132.57
862.66	-37.83
862.71	-155.28
862.76	-134.48
862.81	-223.75
862.86	-150.15
862.9	-117.18
862.95	-57.24
863	-57.06
863.05	-121.33
863.1	-72.13
863.15	-93.04
863.2	-199.93
863.25	-73.71
863.29	-146.1
863.34	-66.38
863.39	-69.06
863.44	-125.35
863.49	-155.36
863.54	-176.1
863.59	-167.32
863.63	-23.52
863.68	-110.57
863.73	-55.17
863.78	-182.73
863.83	-122.28
863.88	-202.51
863.92	-122.48
863.97	-16.95
864.02	-157.38
864.07	-29.44
864.12	-128.92
864.17	-169.52
864.22	-35.67
864.26	-107.45
864.31	-162.09
864.36	-155.03
864.41	-67.98
864.46	-126.26
864.51	-76.68
864.55	-224.35
864.6	-62.41
864.65	-170.04
864.7	-86.53
864.75	-116.4
864.8	-68.72
864.84	-19.42
864.89	-79.78
864.94	-97.17
864.99	-119.16
865.04	-167.6
865.09	-98
865.13	-61.47
865.18	-74.52
865.23	-127.33
865.28	-165.02
865.33	-148.3
865.38	-88.5
865.42	-77.49
865.47	-178.1
865.52	-112.52
865.57	-99.04
865.62	-132.18
865.67	-23.32
865.71	-163.05
865.76	20.55
865.81	-185.24
865.86	-130.19
865.91	0.62
865.95	-126.51
866	-152.4
866.05	-95.47
866.1	-190.75
866.15	-108.58
866.2	-166.34
866.24	-92.79
866.29	-183.6
866.34	-90.44
866.39	-139.03
866.44	-78.88
866.48	-127.94
866.53	-132.99
866.58	-134.11
866.63	-145.78
866.68	-83.31
866.72	-112.21
866.77	-66.6
866.82	-67.3
866.87	-133.93
866.92	-53.69
866.96	-149.28
867.01	-53.58
867.06	-148.76
867.11	-107.18
867.16	-122.57
867.2	-78.99
867.25	-152.3
867.3	-144.25
867.35	-123.83
867.4	-81.07
867.44	-178.21
867.49	-128.75
867.54	-9.81
867.59	-72.19
867.64	-114.86
867.68	-32.15
867.73	-156.37
867.78	-98.55
867.83	-119.17
867.87	-80.98
867.92	-149.29
867.97	3.98
868.02	-134.43
868.07	-179.76
868.11	-221.46
868.16	-107.15
868.21	-201.86
868.26	-124.1
868.3	-191.59
868.35	-20.39
868.4	-168.43
868.45	-78.92
868.5	-169.73
868.54	-98.67
868.59	-140.79
868.64	-151.05
868.69	-112.16
868.73	-84.95
868.78	-115.71
868.83	-75.04
868.88	-76.13
868.93	-139.94
868.97	-230.51
869.02	-99.54
869.07	-207.92
869.12	-150
869.16	-160.49
869.21	-144.55
869.26	-24.95
869.31	-196.63
869.35	-205.45
869.4	-117.42
869.45	-83.5
869.5	-86.5
869.54	-165.43
869.59	-52.51
869.64	-226.58
869.69	-186.99
869.73	-164.4
869.78	-127.79
869.83	-161.47
869.88	-74.07
869.92	-56.39
869.97	-112.98
870.02	-182.32
870.07	-148.98
870.11	13.61
870.16	-114.08
870.21	-166.04
870.26	-116.36
870.3	-180.18
870.35	-42.53
870.4	-82.67
870.45	-86.48
870.49	-109.2
870.54	-91.9
870.59	-139.64
870.64	-45.24
870.68	-128.71
870.73	-81.13
870.78	-143.48
870.83	-191.88
870.87	-190.23
870.92	-107.08
870.97	-102.85
871.02	1.54
871.06	-81.5
871.11	-89.5
871.16	-103.28
871.2	-178.25
871.25	-180.83
871.3	-161.7
871.35	-66.03
871.39	-94.48
871.44	-174.08
871.49	2.03
871.54	-162.14
871.58	-100.42
871.63	-15.03
871.68	-74.69
871.72	-141.56
871.77	-144.6
871.82	-50.69
871.87	-99.28
871.91	-92.77
871.96	-39.01
872.01	-129.36
872.05	-194.14
872.1	-120.03
872.15	-212.1
872.2	-205.67
872.24	-100.12
872.29	-230.2
872.34	-125.71
872.38	-94.71
872.43	-184.56
872.48	-190.25
872.53	-39.61
872.57	-183.55
872.62	-74.53
872.67	-108.55
872.71	-120.36
872.76	-122.81
872.81	-77.3
872.85	-113.07
872.9	-161.17
872.95	-120.46
873	-82.71
873.04	-165.23
873.09	-123.96
873.14	-162.41
873.18	-59.17
873.23	-197.98
873.28	-109.28
873.32	-119.73
873.37	-176.49
873.42	-146.86
873.47	-140.55
873.51	-176.55
873.56	-66.97
873.61	-126.02
873.65	-145.65
873.7	-176.19
873.75	-30.46
873.79	-57.07
873.84	-26.36
873.89	-82.92
873.93	-27.93
873.98	-170.67
874.03	-93.17
874.07	-144.97
874.12	-27.91
874.17	-101.27
874.21	-74.51
874.26	-162.39
874.31	-53.98
874.35	-100.11
874.4	-57.78
874.45	-107.39
874.5	-40.73
874.54	-23.21
874.59	-61.2
874.64	-93.88
874.68	5.75
874.73	-54.61
874.78	-42.47
874.82	-101.95
874.87	-49.4
874.92	-99.19
874.96	-113.13
875.01	-90.48
875.06	-135.46
875.1	-197.55
875.15	-89.11
875.2	-157.25
875.24	-129.95
875.29	-208.51
875.34	-128.58
875.38	-123.83
875.43	-49.28
875.47	-80.18
875.52	-73.49
875.57	-141.9
875.61	-105.88
875.66	-122.14
875.71	-112.57
875.75	-199.34
875.8	-98.18
875.85	-122.43
875.89	-141.96
875.94	-155.11
875.99	-169.55
876.03	-189.59
876.08	-75.9
876.13	-166.33
876.17	-117.58
876.22	-118.88
876.27	-152.81
876.31	-167.23
876.36	-24.72
876.4	-99.81
876.45	-146.1
876.5	-162.75
876.54	39.05
876.59	-158.81
876.64	-141.67
876.68	-109.78
876.73	21.98
876.78	-111.95
876.82	-30.49
876.87	-92.39
876.91	-145.69
876.96	-194.24
877.01	-96.93
877.05	-187.6
877.1	-95.84
877.15	-116.47
877.19	-212.98
877.24	-118.29
877.28	32.67
877.33	-134.16
877.38	-182.39
877.42	-156.45
877.47	-47.58
877.52	-55.46
877.56	-74.41
877.61	-119.16
877.65	-9.57
877.7	-136.62
877.75	-66.94
877.79	-101.03
877.84	-72.42
877.89	-114.56
877.93	-84.19
877.98	-231.56
878.02	-116.39
878.07	-85.64
878.12	-146.89
878.16	-195.23
878.21	-131.79
878.25	-160.42
878.3	-156.41
878.35	-158.29
878.39	-101.39
878.44	-42.29
878.48	-79.69
878.53	-61.1
878.58	204.27
878.62	286.83
878.67	268.02
878.71	6.62
878.76	-31.85
878.81	-95.75
878.85	-117.89
878.9	-152.33
878.94	-132.01
878.99	-144.85
879.04	-121.4
879.08	-223.32
879.13	-65.7
879.17	-106.41
879.22	-66.56
879.27	-178.84
879.31	-183.73
879.36	-181.87
879.4	-66.64
879.45	-191.63
879.5	-96.95
879.54	-155.64
879.59	-156.17
879.63	-129.15
879.68	-80.03
879.72	-212.74
879.77	-28.91
879.82	-7.6
879.86	-113.48
879.91	-140.71
879.95	-77.81
880	-184.13
880.05	-62
880.09	-223.54
880.14	18.6
880.18	-113.54
880.23	-87.15
880.27	-53.41
880.32	-113.83
880.37	-242.44
880.41	-79.87
880.46	-59.63
880.5	-64.33
880.55	-221.29
880.59	6.19
880.64	-137.75
880.69	-145.66
880.73	-220.92
880.78	37.99
880.82	-174
880.87	-178.59
880.91	-178.45
880.96	-88.4
881	-77.94
881.05	-162.74
881.1	-124.12
881.14	-100.14
881.19	-161.41
881.23	-94.92
881.28	-146.9
881.32	-65.6
881.37	-101.38
881.41	-101.61
881.46	-161.69
881.51	-100.8
881.55	-172.37
881.6	-112.71
881.64	-99.57
881.69	-141.52
881.73	-177.58
881.78	-38.37
881.82	-129.29
881.87	-65.6
881.92	-151.79
881.96	-80.91
882.01	-131.4
882.05	-74.42
882.1	-163.01
882.14	-66.81
882.19	-184.86
882.23	-87.63
882.28	-224.69
882.32	-122.14
882.37	-82.57
882.41	-126.1
882.46	-170.1
882.51	-87.77
882.55	-173.81
882.6	-34.79
882.64	-19.28
882.69	-47.3
882.73	-54.32
882.78	36.89
882.82	139.24
882.87	298.07
882.91	536.57
882.96	1306.79
883	1778.93
883.05	1124.54
883.09	374.57
883.14	47.88
883.18	-116.91
883.23	-37.45
883.27	-80.35
883.32	-48.67
883.36	-29.29
883.41	-81.78
883.46	-145.99
883.5	-93.17
883.55	-113.02
883.59	-81.56
883.64	-148.76
883.68	-104.7
883.73	-242.52
883.77	-75.7
883.82	-166.89
883.86	-56.16
883.91	-128.37
883.95	-52.3
884	-134.75
884.04	-45.16
884.09	-187.37
884.13	-161.76
884.18	-203.28
884.22	-17.43
884.27	-176.24
884.31	-134.47
884.36	-186.73
884.4	-90.36
884.45	-165.05
884.49	-84.19
884.54	-201.23
884.58	-113.68
884.63	-120.34
884.67	-158.57
884.72	-145.05
884.76	-111.07
884.81	-225.98
884.85	-101.55
884.9	-141.64
884.94	-147.02
884.99	-178.94
885.03	-81.56
885.08	-23.28
885.12	-132.5
885.17	-159.33
885.21	-145.25
885.26	-109.99
885.3	-100.6
885.34	-138.11
885.39	-40.69
885.43	-169.83
885.48	-90.51
885.52	-142.02
885.57	-53.84
885.61	-71.08
885.66	-131.09
885.7	-168.3
885.75	-64.46
885.79	-154.06
885.84	-137.17
885.88	-95.94
885.93	-159.93
885.97	-147.08
886.02	-39.05
886.06	-129.35
886.11	-5.23
886.15	-142.66
886.19	-101.1
886.24	-213.44
886.28	-77.48
886.33	-209.33
886.37	-187.31
886.42	-148.8
886.46	-111.17
886.51	-52.9
886.55	-89.84
886.6	-175.76
886.64	-161.5
886.69	-133.69
886.73	-43.73
886.77	-163.28
886.82	-140.2
886.86	-85.13
886.91	517.84
886.95	-141.06
887	-59.8
887.04	-121.35
887.09	-101.58
887.13	-150.02
887.18	13.84
887.22	-172.34
887.26	-108.87
887.31	-80.32
887.35	-101.9
887.4	-106.53
887.44	-78.95
887.49	-120.02
887.53	-31.57
887.58	-153.78
887.62	-55.05
887.66	-74.08
887.71	-22.94
887.75	-125.37
887.8	-144.78
887.84	-145.73
887.89	-133.43
887.93	-223.17
887.97	-83.82
888.02	-149.12
888.06	-75.95
888.11	-140.97
888.15	-103.5
888.2	-116.31
888.24	-84.9
888.29	-133.41
888.33	-140.05
888.37	-205.59
888.42	18.28
888.46	-75.67
888.51	-67.89
888.55	-81.5
888.59	-65.4
888.64	-192.3
888.68	-151.19
888.73	-108.15
888.77	-148.67
888.82	-191.6
888.86	-37.65
888.9	-205.16
888.95	-99.7
888.99	-100.18
889.04	-130.51
889.08	-150.92
889.12	-156.47
889.17	-89.83
889.21	-81.34
889.26	-181.64
889.3	-195.15
889.35	-147.16
889.39	-95.4
889.43	-64.55
889.48	-99.87
889.52	-65.75
889.57	-102.42
889.61	-36.46
889.65	-151.2
889.7	-126.46
889.74	-38.12
889.79	-123.1
889.83	-71.65
889.87	-101.66
889.92	-134.87
889.96	-96.32
890.01	-63.5
890.05	-211.91
890.09	-162.6
890.14	-19.05
890.18	-153.97
890.23	-180.64
890.27	-69.75
890.31	-124.17
890.36	-141.71
890.4	-102.49
890.45	-59.34
890.49	-189.82
890.53	-131.54
890.58	-111.32
890.62	-131.46
890.66	-190.73
890.71	-112.11
890.75	-115.59
890.8	-72.3
890.84	-105.23
890.88	23.52
890.93	-119.92
890.97	-44.05
891.01	-114.83
891.06	-81.89
891.1	-164.66
891.15	-181.71
891.19	-115.87
891.23	-78.87
891.28	-62.41
891.32	-69.86
891.36	-184.61
891.41	-89.42
891.45	-102.48
891.5	-130.14
891.54	5.09
891.58	-95.81
891.63	-131.68
891.67	-125.4
891.71	-127.88
891.76	-73.62
891.8	-147.35
891.84	-108.76
891.89	-71.05
891.93	-68.83
891.98	-199.82
892.02	-83.88
892.06	-96.04
892.11	-58.89
892.15	-71.15
892.19	-119.28
892.24	-133.63
892.28	-102
892.32	-185.99
892.37	-50.5
892.41	-98.73
892.45	-104.98
892.5	-91.14
892.54	-114.5
892.59	-40.81
892.63	-140.88
892.67	-99.88
892.72	-130.71
892.76	-183.7
892.8	-46.97
892.85	-145.66
892.89	-153.77
892.93	-133.35
892.98	-63.32
893.02	-170.7
893.06	-39.82
893.11	-171.52
893.15	-104.97
893.19	-154.43
893.24	-64.78
893.28	-210.94
893.32	-141.2
893.37	-168.32
893.41	-25
893.45	-160.21
893.5	-160.52
893.54	-86.38
893.58	-88.59
893.63	-174.75
893.67	-60.01
893.71	-69.71
893.76	-18.14
893.8	-64.04
893.84	-74.06
893.89	-133.99
893.93	-81.41
893.97	-83.82
894.02	35.84
894.06	-69.41
894.1	94.08
894.14	341.84
894.19	314.83
894.23	-29.48
894.27	-43.56
894.32	-79.15
894.36	-98.55
894.4	-124.4
894.45	-5.27
894.49	-143.21
894.53	-160.17
894.58	-76.34
894.62	31.14
894.66	-71.31
894.71	-73.06
894.75	-143
894.79	-122.04
894.83	-52.28
894.88	-32.46
894.92	-115.11
894.96	-49.26
895.01	-174.09
895.05	-126.93
895.09	-142.27
895.14	21.43
895.18	-136.39
895.22	-59.57
895.26	-172.37
895.31	-33.78
895.35	-182.21
895.39	-74.15
895.44	-150.17
895.48	-78.88
895.52	-108.44
895.57	-101.54
895.61	-129.05
895.65	-198.67
895.69	-70.85
895.74	53.16
895.78	-158.05
895.82	-99.75
895.87	-154.48
895.91	-93.69
895.95	-147.58
895.99	-116.35
896.04	-138.12
896.08	-115.23
896.12	-114.81
896.16	-170.59
896.21	-188.79
896.25	-128.18
896.29	-218.89
896.34	-2.47
896.38	-114.84
896.42	-18.66
896.46	-39.98
896.51	1.94
896.55	26.06
896.59	112.1
896.64	-46.36
896.68	38.12
896.72	-114.31
896.76	-81.15
896.81	-189.91
896.85	-87.97
896.89	-109
896.93	-40.92
896.98	-184.44
897.02	-173.42
897.06	-179.33
897.1	-194.28
897.15	-214.21
897.19	-117.88
897.23	-184.19
897.27	-109.99
897.32	-161.39
897.36	-5.96
897.4	-202.5
897.44	-87.55
897.49	-186.01
897.53	-107.31
897.57	-98.87
897.61	-94.13
897.66	-215.08
897.7	-24.64
897.74	-194.4
897.78	-86.39
897.83	-125.72
897.87	-100.38
897.91	-123.58
897.95	-82.97
898	-135.62
898.04	-106.77
898.08	-191.54
898.12	-46.82
898.17	-159.42
898.21	-83.75
898.25	-208.94
898.29	-72.98
898.34	-172.64
898.38	-63.01
898.42	-230.66
898.46	-120.58
898.51	-172.09
898.55	-154.35
898.59	-212.12
898.63	-88.36
898.67	-170.86
898.72	-177
898.76	-196.15
898.8	-115.31
898.84	-91.66
898.89	-42.02
898.93	-125.43
898.97	-136.2
899.01	-130.86
899.06	-159.11
899.1	-198.82
899.14	-70
899.18	-168.73
899.22	-48.51
899.27	-166.2
899.31	-158.78
899.35	2.59
899.39	-129.27
899.43	-175.05
899.48	-93.26
899.52	-182.05
899.56	-68.74
899.6	-150.24
899.65	-112.87
899.69	-185.1
899.73	43.8
899.77	-128.95
899.81	-72.82
899.86	-11.13
899.9	-117.09
899.94	-116.81
899.98	-73.49
900.02	-219.79
900.07	-181.23
900.11	-2.63
900.15	-118.76
900.19	-222.41
900.23	-34.54
900.28	-125.95
900.32	-110.64
900.36	-219.54
900.4	-97.62
900.44	-117.03
900.49	-23.82
900.53	-137.67
900.57	-108.11
900.61	-177.03
900.65	-83.51
900.7	-113.63
900.74	-68.69
900.78	-182.7
900.82	-89.77
900.86	-105.7
900.9	-93.41
900.95	-78.37
900.99	42.75
901.03	-222.05
901.07	-124.48
901.11	-89.49
901.16	-28.62
901.2	-116.24
901.24	-148.12
901.28	-114.63
901.32	-119.66
901.36	-211
901.41	-137.85
901.45	-101
901.49	-149.29
901.53	-167.82
901.57	-34.09
901.61	-161.49
901.66	-63.39
901.7	-65.26
901.74	-173.61
901.78	-100.04
901.82	-67.72
901.86	-185.87
901.91	-145.74
901.95	-122.27
901.99	3.06
902.03	-177.05
902.07	-164
902.11	-86.55
902.16	-83.36
902.2	-144.34
902.24	-89.15
902.28	-189.27
902.32	-38.83
902.36	-123.09
902.41	-112.24
902.45	-151.88
902.49	-102.5
902.53	-156.49
902.57	-122.34
902.61	-82.28
902.65	-160.47
902.7	-212.24
902.74	-106.93
902.78	-128.83
902.82	-14.77
902.86	-169.98
902.9	-101.28
902.95	-190.34
902.99	-59.52
903.03	-129.64
903.07	-132.34
903.11	-183.21
903.15	-87.23
903.19	-195.24
903.24	-102.02
903.28	-142.81
903.32	-68.36
903.36	-172.28
903.4	-103.7
903.44	-110.94
903.48	-111.39
903.52	-102.63
903.57	-140.61
903.61	-167.67
903.65	-22.68
903.69	-173.61
903.73	-85.14
903.77	-180.96
903.81	-166.82
903.85	-113.74
903.9	-135.95
903.94	-129.87
903.98	-98.89
904.02	-138.1
904.06	-68.86
904.1	-111.39
904.14	-53.12
904.18	-158.37
904.23	-6.45
904.27	-152.69
904.31	-42.96
904.35	-187.71
904.39	-65.64
904.43	-148.98
904.47	-8.8
904.51	-167.63
904.55	-89.34
904.6	-77.99
904.64	-126.2
904.68	-171.51
904.72	-16.46
904.76	8.85
904.8	-134.32
904.84	-166.06
904.88	-79.36
904.92	-85.68
904.97	-56.26
905.01	-117.55
905.05	-41.23
905.09	-50.72
905.13	-121.77
905.17	-189.78
905.21	-37.14
905.25	-93.51
905.29	-66.64
905.33	-111.37
905.38	58.58
905.42	-182.7
905.46	-97.53
905.5	-135.62
905.54	-69.12
905.58	-161.22
905.62	-152.26
905.66	-160.34
905.7	-43.56
905.74	-158.65
905.78	-88.14
905.83	-106.87
905.87	-81.13
905.91	-19.76
905.95	-32.06
905.99	-115.09
906.03	-14.73
906.07	-2.16
906.11	49.65
906.15	-40.91
906.19	-10.51
906.23	-43.92
906.27	-35.88
906.31	-117.53
906.36	8.15
906.4	-111.73
906.44	-28.73
906.48	-148.5
906.52	-30.37
906.56	-186.33
906.6	-26.43
906.64	-67.5
906.68	-74.49
906.72	-100.02
906.76	-105.03
906.8	-199.75
906.84	-62.86
906.88	-59.41
906.92	-101.36
906.97	-179.53
907.01	-23.69
907.05	-191.43
907.09	-115.08
907.13	-81.1
907.17	10.9
907.21	-112.63
907.25	-131.56
907.29	-143.96
907.33	-76.89
907.37	-51.46
907.41	-4.81
907.45	-55.43
907.49	-12.8
907.53	-123.8
907.57	-126.79
907.61	-88.36
907.65	-76.6
907.7	-89.25
907.74	-125.89
907.78	-74.25
907.82	76.02
907.86	315.38
907.9	-76.57
907.94	-40.2
907.98	-51.08
908.02	-136.14
908.06	-47.7
908.1	-164.5
908.14	-72.79
908.18	20.17
908.22	-77.27
908.26	-53.57
908.3	-115.64
908.34	-78.53
908.38	-50.91
908.42	-138.18
908.46	-90.89
908.5	-128.53
908.54	-63.23
908.58	-177.83
908.62	-96.92
908.66	-98.82
908.7	-130.34
908.74	-166.42
908.78	-108.93
908.82	-75.63
908.86	-100.95
908.9	-138.98
908.95	-35.17
908.99	-91.17
909.03	-12.08
909.07	-154.32
909.11	3.94
909.15	-37.65
909.19	-29.02
909.23	-95.97
909.27	-64.01
909.31	-111.99
909.35	-172.47
909.39	-136.03
909.43	7.28
909.47	-84.19
909.51	4.74
909.55	-119.1
909.59	-73.9
909.63	-76.55
909.67	-42.16
909.71	-151.06
909.75	-15.98
909.79	-105.4
909.83	-88.87
909.87	-116.23
909.91	18.33
909.95	-83.28
909.99	-97.96
910.03	-119.1
910.07	-99.11
910.11	-72.48