3.txt 
0 1.0 13 0 50 180 
5 13 2 3 4 5 
0.17457 0.0034914 0.0017457 0.0017457 0.0017457 
    3 2211  7503.9  1.2849e+04  2.0238e+01 
    3 2251  7514.7  4.6034e+03  2.0238e+01    
    3 2261  7635.1  1.5218e+04  2.0238e+01    
    3 2242  7948.2  2.6103e+03  2.0238e+01 
    3 2262  8006.2  1.3408e+03  2.0238e+01 
    3 2282  8014.8  2.7331e+03  2.0238e+01    
    3 2291  8115.3  1.7751e+04  2.0238e+01 
    3 2231  8408.2  1.6411e+03  2.0238e+01 
    3 2281  8424.6  2.8418e+03  2.0238e+01  
    3 2241  8521.4  5.2809e+02  2.0238e+01 

   