4.txt 
0 1.0 13 0 160 180 
5 13 2 3 4 5 
0.17457 0.0034914 0.0017457 0.0017457 0.0017457 
    3 2211  7503.9  2.3654e+04  1.7346e+01 
    3 2251  7514.7  9.0027e+03  1.7346e+01  
    3 2261  7635.1  2.2288e+04  1.7346e+01  
    3 2242  7948.2  4.2242e+03  1.7346e+01 
    3 2262  8006.2  2.0576e+03  1.7346e+01 
    3 2282  8014.8  4.2971e+03  1.7346e+01
    3 2291  8115.3  2.4301e+04  1.7346e+01 
    3 2231  8408.2  2.9163e+03  1.7346e+01 
    3 2281  8424.6  4.6366e+03  1.7346e+01 
    3 2241  8521.4  9.4103e+02  1.7346e+01 
    3 2272  8667.9  9.7155e+01  1.7346e+01 
