%%%%%%%%%%%%%%%%%%%%%%%%%%%%%%%%%%%%%%%%%%%%%%%%%%%%%%%%%%%%%%%%%%%%%%%%%%%%
%fichier avec les longueurs d'onde du Neon,Argon,Krypton et Xenon en ordre.
% la deuxime colone est la variable Doublet
% 0=fit une gaussienne 1=fit deux gausienne et 2=fit trois gaussienne.
%%%%%%%%%%%%%%%%%%%%%%%%%%%%%%%%%%%%%%%%%%%%%%%%%%%%%%%%%%%%%%%%%%%%%%%%%%%%

585.25 0
640.22 0
667.73 0
696.54 0
706.72 0
714.70 0
727.29 0
738.40 0
750.39 1
751.47 1
763.51 0
794.82 0
800.62 1
801.48 1
810.37 0
811.53 1
826.45 0
840.82 1
842.47 0
852.14 0
866.79 0
758.74 2
760.15 0
768.52 1
769.45 1
785.48 0
810.43 1
811.29 2
819.01 0
829.81 0
850.89 2
877.67 0
892.87 0
788.74 1
820.63 1
823.16 0
828.01 0
834.68 0
881.94 0
895.23 0
904.50 0


