    0.0                   0.0
    0.0                   0.0
    0.0                   0.0  	
	1.0                   0.0
     5.0000000000000       2.9391671250951e-20
     6.0000000000000        3.0343714191386e-20
     7.0000000000000       2.9516879222846e-20
     8.0000000000000        2.4840661826352e-20
     9.0000000000000        1.9186063652165e-20
    10.0000000000000        1.4380552769177e-20
     11.000000000000        1.0602767908837e-20
     12.000000000000        8.0407361582829e-21
     13.000000000000        6.2689448837802e-21
     14.000000000000        5.0517280409896e-21
     16.000000000000        3.3585640219346e-21
     17.000000000000        2.8392430943628e-21
     18.000000000000       2.4000300014085e-21
     19.000000000000       2.0841726367604e-21
     20.000000000000       1.8278747512281e-21
     30.000000000000       8.5834375942674e-22
     40.000000000000       6.1718673726463e-22
     50.000000000000       4.7838509357397e-22
     60.000000000000       3.8817295929689e-22
     70.000000000000       3.2422789903349e-22
     80.000000000000        2.7800675889799e-22
     90.000000000000        2.4409612211631e-22
    100.000000000000        2.1800866100823e-22
     120.00000000000        1.8202233454341e-22
     150.00000000000        1.4566285370541e-22
     175.00000000000        1.2728824819596e-22
     200.00000000000        1.0766366730864e-22
     225.00000000000        9.5820458646787e-23
     250.00000000000        8.6173683411620e-23
     275.00000000000        7.8620327993618e-23
     300.00000000000        7.2251583913069e-23
     400.00000000000        5.3566245296694e-23
     500.00000000000        4.3082641368971e-23
     750.00000000000        2.8789584877192e-23
    1000.00000000000        2.1583319592880e-23
